5.0825e-07
3.4562e-08
3.256e-07
4.1176e-07
4.1404e-07
3.6029e-06
6.9515e-07
4.2741e-07
8.2238e-07
1.2381e-07
1.3548e-07
8.6847e-08
1.1739e-07
3.163e-07
1.3722e-07
2.0781e-07
3.1448e-07
5.5795e-07
6.8437e-07
7.5002e-07
1.4453e-07
3.0776e-07
2.0154e-07
1.1024e-06
1.8309e-07
1.3543e-07
2.8186e-08
6.5491e-08
3.866e-07
4.2704e-08
2.5636e-07
7.3332e-07
6.6599e-07
7.1654e-08
2.3127e-07
7.3934e-07
2.6562e-07
8.4209e-08
6.5452e-08
1.12e-07
1.8868e-07
5.5903e-08
4.3556e-08
1.7033e-07
5.3517e-08
6.0831e-08
2.1645e-07
1.2441e-07
8.7893e-08
2.9632e-08
3.6442e-08
8.2521e-06
2.2617e-07
2.9053e-07
7.67e-08
2.3714e-07
8.4159e-08
1.2652e-07
1.0712e-07
2.526e-07
3.388e-07
8.5569e-08
1.7833e-07
8.2327e-08
2.5199e-07
9.5137e-08
4.3054e-07
9.315e-08
1.5789e-07
1.5346e-05
2.7003e-07
8.8378e-07
1.6282e-07
1.7673e-07
1.0978e-07
4.0223e-06
3.0956e-07
6.8928e-07
9.2472e-06
1.6198e-07
2.884e-06
9.882e-08
2.7467e-07
5.3594e-07
2.1185e-08
1.0493e-07
3.4077e-07
2.9016e-06
1.3114e-07
4.3646e-07
4.432e-08
4.6828e-08
1.2705e-07
1.1853e-07
9.0494e-08
3.7879e-08
9.3101e-07
3.8852e-07
4.3562e-08
2.2249e-07
1.1405e-06
7.6447e-07
8.3937e-08
3.6521e-07
5.1351e-07
7.3063e-07
5.2546e-06
1.412e-06
4.8762e-07
7.7115e-07
8.3852e-07
9.3222e-07
5.8376e-07
6.6425e-08
1.941e-07
2.4887e-07
6.761e-06
5.9806e-07
1.0078e-06
8.4268e-07
2.7616e-07
1.6531e-07
2.9665e-07
2.9141e-07
4.9759e-07
4.5291e-07
6.2319e-06
2.792e-07
1.5027e-07
6.6339e-08
7.2686e-08
5.7434e-08
6.429e-08
5.767e-08
5.8002e-08
3.2007e-08
2.1264e-07
5.1548e-07
2.5206e-07
3.2534e-08
9.3618e-08
6.5754e-08
8.3413e-09
5.0649e-07
6.3613e-08
4.8222e-06
2.6499e-06
2.3953e-07
5.1157e-08
1.4977e-07
3.0252e-07
2.6612e-06
1.7677e-07
2.7701e-06
2.6701e-06
3.1e-06
3.2922e-07
3.0259e-07
2.7608e-07
6.2514e-07
1.3088e-06
5.2061e-06
1.3631e-06
9.2572e-06
2.7948e-07
2.5288e-06
4.3025e-07
1.1488e-07
9.2193e-07
4.9387e-07
1.1916e-06
3.9875e-06
4.6623e-06
6.0867e-07
7.9241e-06
7.8539e-07
3.0878e-07
1.2301e-06
2.334e-06
5.4366e-06
3.0358e-06
1.1393e-06
9.2709e-07
1.5776e-06
5.3339e-07
2.0906e-06
1.1636e-06
5.6617e-07
4.4949e-07
1.1666e-06
6.6088e-07
4.7946e-07
1.6021e-06
6.695e-07
5.0525e-07
4.1412e-06
1.4447e-06
2.4237e-06
9.2709e-07
3.6553e-06
2.2321e-06
6.6666e-07
1.1115e-06
1.4521e-06
6.782e-06
8.2178e-07
8.4168e-07
2.3931e-07
2.6187e-06
2.183e-06
2.3585e-07
7.9179e-07
4.7073e-08
1.307e-07
4.8133e-07
1.8023e-07
1.4697e-06
9.2848e-07
1.5295e-07
1.139e-06
7.8193e-07
2.7145e-07
4.0571e-07
2.1376e-06
1.4061e-06
3.1776e-06
1.54e-06
5.5036e-07
1.572e-06
1.3813e-06
5.7801e-07
2.3428e-07
5.6099e-07
4.4631e-06
1.069e-06
1.7517e-06
1.7992e-06
3.3582e-06
1.206e-06
6.2965e-07
1.0813e-06
2.8147e-07
2.1342e-06
6.0316e-06
1.8096e-07
2.0681e-06
3.4598e-06
5.3493e-07
9.7156e-07
1.7193e-06
9.5276e-07
1.0987e-06
9.8747e-07
1.0215e-06
8.2698e-06
1.3762e-06
6.4681e-06
7.6345e-07
1.6222e-06
1.0876e-06
2.6955e-06
3.7995e-06
1.8841e-07
6.566e-07
1.267e-06
2.1082e-06
1.9794e-06
6.4426e-07
9.6315e-07
2.5688e-07
3.4164e-07
6.2387e-08
8.3445e-08
2.4387e-07
4.6053e-08
6.1812e-08
2.3152e-07
4.7023e-08
4.0675e-08
3.0308e-07
1.0197e-07
1.4227e-06
5.1536e-07
8.226e-07
8.7918e-07
1.5643e-06
1.7556e-06
9.4151e-07
1.371e-07
1.2974e-07
5.0855e-08
5.3086e-07
3.1362e-07
6.0654e-08
8.6959e-08
3.2378e-07
4.7832e-07
8.0243e-08
6.6118e-08
1.9364e-07
1.0113e-06
8.4976e-07
7.5534e-06
1.3301e-06
2.827e-06
1.3006e-05
1.3373e-05
1.4225e-07
2.7776e-07
6.1643e-08
1.554e-06
8.708e-08
1.2976e-07
4.6003e-07
2.0954e-07
1.5603e-07
1.9472e-07
4.8628e-08
7.2773e-08
6.3249e-08
1.6593e-07
2.0854e-07
5.2496e-07
1.3537e-07
1.5336e-07
3.9892e-07
1.8274e-07
3.2834e-08
8.5226e-07
3.0713e-07
1.3863e-06
1.315e-06
3.3087e-06
5.2536e-06
1.2764e-07
2.3585e-07
2.3817e-07
6.5206e-07
8.847e-07
1.2506e-06
1.5221e-07
2.8832e-07
1.2505e-07
3.3288e-07
4.4583e-07
1.2071e-06
7.6198e-07
8.4421e-07
2.5699e-07
9.4049e-08
9.2454e-07
6.9426e-08
2.184e-07
2.4758e-07
9.6621e-07
9.9433e-07
8.1637e-07
3.0865e-07
7.8836e-07
1.3239e-06
1.8228e-07
3.7007e-07
7.4813e-07
5.737e-07
2.6446e-07
1.6461e-07
4.8852e-07
5.2242e-07
1.2868e-07
3.2945e-07
5.177e-07
2.3038e-07
4.5162e-07
6.2524e-07
2.533e-07
2.1412e-07
3.266e-08
1.6893e-07
2.2103e-07
4.5674e-07
1.2961e-07
1.2143e-07
1.6608e-07
1.8057e-07
1.6425e-07
3.7682e-07
3.1771e-07
2.8315e-08
3.924e-08
1.3229e-06
1.6842e-07
9.0793e-07
6.3865e-07
1.7233e-07
9.6816e-07
1.1769e-07
9.727e-08
5.1965e-08
2.8033e-07
3.7144e-05
2.1089e-05
3.522e-06
5.8127e-06
4.9121e-07
3.8589e-08
2.0822e-06
7.0087e-08
1.6555e-06
6.9517e-05
5.547e-06
5.3079e-07
2.4624e-05
9.1979e-05
2.8682e-05
0.81821
2.2935e-06
7.7883e-08
5.825e-06
3.6457e-07
8.879e-07
5.9859e-06
2.6303e-07
1.7649e-06
5.4091e-05
3.007e-06
1.5451e-07
1.861e-06
0.00012141
7.6015e-06
1.4126e-05
6.5133e-06
0.00031763
2.1384e-06
0.0002224
7.3959e-06
7.1041e-06
3.3418e-06
6.9292e-07
3.0165e-07
4.8536e-05
3.2757e-07
2.1467e-07
5.7737e-07
0.00014578
2.9932e-07
3.5241e-06
1.6301e-05
3.6216e-05
1.2669e-06
4.4924e-08
5.6983e-06
9.9053e-06
0.0004939
4.9927e-07
3.4178e-07
2.9073e-06
1.1981e-05
3.0941e-05
1.4264e-06
0.00033363
1.6579e-07
0.0023209
2.1419e-06
0.00012053
0.00023368
0.010713
1.4042e-06
8.1762e-08
1.04e-06
0.00010977
1.9029e-06
1.5068e-05
6.9243e-07
4.1229e-06
2.2324e-05
6.8253e-06
9.7103e-07
0.00019755
2.3411e-06
4.6833e-06
2.5918e-06
4.6043e-06
8.5378e-05
1.0145e-07
1.2972e-07
7.6193e-05
1.2518e-05
3.4997e-05
7.419e-06
8.2146e-07
2.4604e-05
3.3803e-05
1.8394e-05
4.4373e-06
3.807e-06
1.6759e-06
1.7449e-06
1.0126e-07
6.9396e-07
1.5283e-06
5.5806e-08
3.5715e-05
3.7708e-05
8.1518e-07
1.5606e-06
1.5913e-05
1.0485e-06
2.4316e-05
2.4392e-06
9.5879e-08
4.9603e-07
1.0061e-05
2.3255e-06
2.3565e-06
6.9107e-05
8.3582e-05
2.327e-05
1.8241e-06
0.003563
1.1464e-06
1.8288e-06
3.1267e-06
7.4093e-06
6.1265e-06
0.005189
1.24e-07
2.1029e-06
4.8909e-06
2.9316e-06
0.0002257
4.8922e-06
2.6658e-05
3.5017e-07
4.7341e-07
2.2995e-06
0.00010262
3.334e-07
1.3156e-06
3.0648e-06
1.1283e-06
2.4178e-07
0.00028115
5.3869e-06
2.4328e-05
2.9956e-05
3.7248e-05
1.271e-05
8.0645e-06
7.6233e-07
5.6146e-07
2.8839e-05
7.4437e-06
2.7811e-06
1.6953e-06
7.5388e-07
1.8288e-06
2.0401e-05
2.6406e-06
2.147e-06
1.7532e-05
5.7684e-05
2.1045e-06
1.6716e-07
3.5852e-07
3.2831e-07
4.0607e-06
1.0291e-06
1.294e-05
1.59e-05
1.852e-05
0.0016072
1.9381e-06
1.5279e-06
8.0926e-07
1.2675e-06
5.8155e-07
5.5639e-08
5.0903e-06
4.1496e-06
4.5373e-07
2.9804e-07
2.6886e-06
1.0266e-07
1.0562e-06
8.9814e-06
3.6103e-06
7.9719e-06
3.5314e-06
2.5311e-05
1.7562e-05
1.0295e-05
2.6119e-06
1.1709e-05
2.7751e-06
3.3165e-07
6.1908e-06
3.7665e-06
0.0015516
3.2463e-07
3.7558e-07
9.011e-05
5.0564e-05
4.1407e-07
1.8746e-06
1.5768e-06
1.1047e-06
4.8165e-05
1.3236e-05
1.1741e-05
1.4436e-06
1.3086e-05
9.5427e-08
1.7858e-06
0.00015561
2.9492e-06
0.0040618
2.4645e-06
7.7223e-06
4.3788e-06
2.2097e-06
3.4296e-06
2.1979e-05
9.2758e-05
7.197e-07
3.5324e-07
3.9395e-06
3.1666e-06
8.1491e-07
1.4075e-07
1.3366e-06
2.943e-05
1.2137e-06
6.7502e-05
1.0337e-05
2.0113e-06
2.5797e-05
0.12244
3.354e-05
3.4085e-05
5.0283e-06
1.6677e-06
1.9046e-06
1.5704e-06
8.492e-05
6.3962e-08
3.1971e-07
7.5141e-07
2.18e-06
7.1753e-07
1.4846e-06
4.4289e-05
4.1954e-07
6.6773e-05
6.2499e-06
2.6834e-06
8.1668e-05
1.1054e-05
2.071e-06
2.8153e-06
2.0607e-06
4.3328e-07
1.0919e-06
5.3474e-05
1.2018e-07
6.3349e-06
1.1974e-05
4.7936e-06
1.2163e-05
8.6325e-07
1.2601e-06
3.305e-05
7.8132e-07
1.5851e-05
7.5914e-05
1.3288e-05
5.2329e-07
0.00030553
5.6083e-07
0.0010194
2.2024e-05
4.4277e-06
2.9927e-06
3.5946e-07
1.2413e-06
5.5238e-06
1.2824e-06
4.4601e-05
8.6021e-08
7.5327e-06
4.0132e-05
3.8968e-07
0.0010469
4.0018e-06
7.2359e-07
8.2101e-08
2.1925e-06
8.5631e-07
1.7444e-06
4.9295e-08
2.0027e-06
2.5132e-05
1.584e-05
4.7049e-07
2.861e-07
3.0971e-06
1.3452e-05
1.6331e-07
3.8781e-06
4.1005e-06
4.2455e-05
8.282e-05
6.5379e-06
1.7698e-06
3.4499e-06
3.6764e-06
0.00053653
2.4985e-07
1.4446e-06
6.0781e-08
9.7075e-06
6.5789e-07
1.7404e-05
1.1917e-06
7.3871e-08
9.2802e-07
4.2677e-06
2.3713e-07
2.4208e-06
1.182e-05
3.6726e-06
5.5246e-06
3.6622e-05
2.205e-05
2.6644e-06
1.0116e-06
2.9653e-05
5.5183e-07
3.1251e-07
4.146e-06
3.8161e-06
7.2249e-05
6.5957e-07
7.9342e-06
1.3514e-06
2.6971e-06
1.2632e-05
6.8981e-06
0.00013032
0.014424
5.6518e-06
3.3093e-06
1.9746e-06
3.35e-06
2.2462e-05
4.5404e-05
1.5736e-06
2.6545e-05
7.1948e-06
6.6789e-06
0.00014028
1.06e-06
8.2841e-06
6.8998e-08
1.245e-05
4.3847e-05
2.366e-06
3.1016e-06
1.6919e-06
1.0275e-05
9.0157e-07
5.6282e-05
9.8348e-06
6.7945e-06
7.1757e-07
0.0001076
5.0535e-06
4.0853e-06
1.1576e-05
1.2027e-06
4.0287e-07
1.4778e-07
1.1392e-07
4.6296e-06
1.7333e-05
8.0864e-06
2.8467e-05
6.0957e-06
0.00031271
7.1492e-06
8.8188e-07
6.8075e-05
1.0647e-06
0.00043653
0.00011601
1.4439e-06
2.6632e-06
0.00023836
0.00089209
3.2633e-07
1.0379e-06
1.1902e-06
1.5874e-05
1.7087e-05
1.6683e-06
1.6955e-05
6.8774e-06
4.7497e-06
1.6276e-06
5.1909e-06
5.8676e-07
4.7847e-06
1.874e-05
1.5928e-07
1.0932e-06
1.3594e-06
2.275e-07
7.6678e-06
4.4163e-06
0.00076163
6.2562e-07
9.3289e-05
4.1682e-08
2.0322e-05
8.8682e-06
2.8555e-05
1.0434e-07
2.483e-05
4.5773e-06
1.7322e-05
6.1343e-06
6.4461e-05
1.7209e-06
3.4662e-07
2.2579e-06
2.1528e-05
5.8906e-07
4.5115e-05
5.5358e-05
2.8077e-06
9.9423e-08
0.00016344
5.1032e-05
3.8458e-05
1.0096e-05
0.00012325
9.2601e-07
1.8307e-06
3.183e-05
0.00014744
2.7045e-05
1.2742e-06
9.491e-06
2.059e-05
1.9603e-07
5.4789e-07
1.4403e-06
9.5944e-06
1.8248e-06
2.8878e-07
7.5219e-05
2.5604e-07
5.319e-05
2.5754e-06
1.2031e-06
1.5505e-06
9.7111e-07
1.8635e-05
1.8081e-06
1.0082e-05
6.9259e-05
3.7023e-06
2.3154e-07
2.7865e-05
2.0416e-07
1.3827e-06
7.1762e-07
7.0678e-06
1.1863e-07
4.162e-06
8.8071e-06
4.0245e-06
2.1989e-07
0.00016225
4.3723e-06
2.1538e-07
0.00017252
2.922e-07
3.0052e-06
1.0848e-07
8.6663e-06
5.5484e-07
9.5719e-06
4.6622e-06
1.3786e-05
3.3754e-05
1.2428e-05
4.06e-06
1.8843e-05
5.4745e-05
3.6935e-05
8.0104e-07
4.2262e-06
6.9946e-06
1.1944e-05
3.501e-07
1.3882e-07
5.0299e-06
1.4011e-06
1.7531e-07
5.9836e-06
4.4505e-07
0.00018124
7.2702e-08
5.4869e-07
1.8871e-07
6.2041e-06
3.0104e-07
8.8414e-07
3.0679e-07
3.7128e-07
9.5546e-06
4.9804e-07
3.4171e-08
9.3106e-07
1.0669e-06
1.6826e-07
6.0516e-07
1.1452e-07
3.2197e-07
1.1246e-05
2.3065e-07
6.1024e-07
2.1427e-07
9.9167e-07
6.6904e-07
1.5344e-06
6.2643e-05
8.7093e-06
2.4649e-06
1.9765e-07
1.6386e-06
9.9856e-06
2.8293e-07
8.104e-07
3.592e-06
2.6423e-06
6.373e-08
2.2439e-07
2.1045e-06
7.3818e-07
9.6773e-07
1.0834e-06
1.5368e-07
1.3914e-06
4.4182e-07
6.5816e-07
8.0238e-06
1.1488e-07
2.4868e-06
2.0378e-07
2.6667e-06
3.2361e-06
7.318e-07
1.1958e-07
2.7951e-07
8.1903e-07
1.1516e-06
7.3047e-07
1.4397e-06
1.0541e-07
1.2558e-06
1.4674e-06
2.9325e-06
2.9875e-07
8.2838e-08
1.5679e-07
1.9333e-07
9.8902e-07
2.1007e-07
3.3157e-07
4.5541e-07
4.2372e-06
2.3297e-06
7.9594e-06
8.3647e-08
6.9556e-08
2.3042e-08
1.0344e-06
1.971e-06
1.0202e-07
1.464e-06
2.6981e-07
2.6067e-07
1.4136e-07
1.6982e-07
1.5779e-07
8.6778e-07
3.1943e-07
1.7902e-07
6.3738e-06
